0 0.495833 0.471875 0.471667 0.021250
10 0.493333 0.351250 0.476667 0.032500
6 0.503333 0.707500 0.456667 0.040000
10 0.496667 0.279375 0.490000 0.043750
6 0.495000 0.445000 0.470000 0.027500
11 0.491667 0.417500 0.470000 0.032500
10 0.495833 0.206875 0.501667 0.038750
6 0.497500 0.584375 0.468333 0.051250
6 0.497500 0.491875 0.471667 0.021250
6 0.500000 0.842500 0.440000 0.042500
1 0.496667 0.243750 0.500000 0.035000
6 0.500833 0.644375 0.465000 0.051250
6 0.495833 0.552500 0.465000 0.037500
0 0.500000 0.676250 0.460000 0.037500
6 0.495833 0.377500 0.475000 0.022500
6 0.497500 0.512500 0.468333 0.025000
0 0.495833 0.325000 0.481667 0.025000
6 0.503333 0.780000 0.450000 0.045000
6 0.497500 0.908125 0.438333 0.053750
0 0.500833 0.819375 0.445000 0.031250
10 0.499167 0.862500 0.441667 0.022500